000000000000000000000000000000
001000000000000000000000000000
000001000000000000000000000000
000000000000000000000000000000
000000000100000000000000000000
000000000000000000000000000000
001001000000000000000000000000
000000000000000000000000000000
000000000000000000000000000000
001000000000000000000000000000
000001000001111111111000000000
000000000000000100000000000000
000000000000001010000000000000
000000000000010001000000000000
001000000000100000100000000000
000001000001000000010000000000
000000000000000000001000000000
000000000000000000000000000000
000000000001111111111000000000
001001000000000000000000000000
000000000000000000000000000000
000000000001111111111000000000
000001000001000110000000000000
000000000001000101000000000000
001000000001000100100000000000
000000000001111100010000000000
000001000000000000001000000000
000000000001111111111000000000
000000000001111111111000000000
000000000001111111111000000000
